"","Angola","Burundi","Kenya","Rwanda","Zambia","Zimbabwe","CAR","Sudan","SouthSudan","Uganda","Bas_Uele","Equateur","Haut_Katanga","Haut_Lomami","Haut_Uele","Ituri","Kasai","Kasai_Central","Kasai_Oriental","Kinshasa","Kongo_Central","Kwango","Kwilu","Lomami","Lualaba","Mai_Ndombe","Maniema","Mongala","Nord_Kivu","Nord_Ubangi","Sankuru","Sud_Kivu","Sud_Ubangi","Tanganyika","Tshopo","Tshuapa"
"Angola",0,0,0,0,0,0,0,0,0,0,0,0,2.99487268811502e-296,4.60392531373749e-264,0,0,1.6583156238998e-265,2.72155032573587e-256,2.1841098658695e-215,8.03947857554691e-288,8.57170792666533e-263,1.40232666929065e-159,9.18712857442693e-244,1.094345893641e-292,5.23127403466492e-212,0,2.10461999641483e-254,0,3.37099015136148e-297,0,1.33921320218458e-202,0,0,0,6.34583961827601e-280,8.97239175332768e-307
"Burundi",0,0,3.86891126341202e-218,8.56211154937921e-39,0,0,0,0,6.35446740615764e-268,1.17687102321248e-119,1.92065609985819e-224,0,3.24108882683732e-189,2.60181277897196e-176,8.87606104022793e-202,3.03251174761021e-158,2.36158762206183e-256,3.15821540250365e-230,1.05965414183759e-155,0,0,6.44998061566823e-295,0,1.33650173370313e-165,2.24639866928555e-245,0,9.7682398210206e-64,4.41962440315853e-213,1.09084828534893e-51,9.96776775578702e-242,6.94329187011124e-107,5.21549036925204e-35,5.99918839186726e-254,1.54163904623258e-94,8.53327374342336e-103,4.61397162858813e-189
"Kenya",0,3.86891126341202e-218,0,5.25782039256042e-186,0,0,0,0,2.68104909206725e-213,3.93443853060464e-105,2.07051470551454e-290,0,0,0,5.5335915819234e-239,4.15402883832207e-217,0,0,2.99884310062183e-295,0,0,0,0,0,0,0,1.64707508562249e-178,2.50745491204864e-292,5.08091516886809e-128,2.4314630280215e-303,1.92474314379679e-208,4.10483015043842e-171,0,4.04007069511362e-257,1.29544229382823e-177,2.96124066124289e-297
"Rwanda",0,8.56211154937921e-39,5.25782039256042e-186,0,0,0,1.21199032889146e-300,0,2.34662315864864e-212,3.27961817866036e-85,2.22947419380208e-178,7.33076531198013e-296,3.00905884993879e-202,4.18401679666913e-186,3.29119732225759e-148,1.5943102559048e-106,1.65342839039541e-242,2.57073836687604e-225,3.67748558215566e-155,0,0,2.78803903868459e-277,1.42215804444286e-297,2.85119409052237e-170,1.40868831547486e-249,0,4.24684698946722e-61,2.96006226842699e-181,2.32483469405786e-30,1.36685669256146e-204,2.35915835830072e-100,1.33046742329132e-39,4.53845825272674e-219,6.06352429016148e-115,1.19790988492397e-82,5.12224116762242e-166
"Zambia",0,0,0,0,0,1.22222010972189e-156,0,0,0,0,0,0,8.71050914178799e-83,2.62104160092684e-162,0,0,0,1.37394326402472e-274,8.86657175951245e-200,0,0,4.53429298483767e-304,0,7.0032816405856e-232,5.34132910310334e-157,0,5.92109638675474e-196,0,9.20355589664006e-223,0,4.74354743351267e-192,1.75751234156535e-213,0,2.00504093007681e-187,1.56224330019034e-249,0
"Zimbabwe",0,0,0,0,1.22222010972189e-156,0,0,0,0,0,0,0,6.69229803659897e-192,6.65770859117875e-264,0,0,0,0,1.15003362956833e-271,0,0,0,0,0,2.59789320353324e-258,0,1.56452521478884e-245,0,2.87022684420817e-257,0,7.13801302138095e-239,2.07871965120758e-266,0,6.3963685401454e-274,2.1198758335932e-284,0
"CAR",0,0,0,1.21199032889146e-300,0,0,0,1.45155948932507e-303,5.45201692418199e-220,2.7179244526518e-259,1.41549392169692e-131,1.37244463849692e-170,0,0,1.72888951594865e-228,6.56726835837547e-278,8.59460730615632e-296,0,6.06496602829216e-260,0,0,3.36423000772583e-282,1.61327302339027e-290,0,0,8.40181485856906e-254,3.00507726242997e-179,2.77570302030145e-89,6.01844315865818e-160,5.92761536720938e-55,2.74793408554869e-158,1.6811408009572e-219,1.56397825456641e-69,0,4.01734390590804e-116,1.59390525985938e-145
"Sudan",0,0,0,0,0,0,1.45155948932507e-303,0,2.53443388305439e-194,8.65641710191929e-294,0,0,0,0,0,0,0,0,0,0,0,0,0,0,0,0,3.43998132225898e-301,3.47220500021757e-303,5.39215478637362e-240,4.44074049723041e-279,2.42244744916295e-301,0,2.20167516808013e-300,0,3.71179764650952e-238,0
"SouthSudan",0,6.35446740615764e-268,2.68104909206725e-213,2.34662315864864e-212,0,0,5.45201692418199e-220,2.53443388305439e-194,0,1.11387297115715e-123,1.80975134233631e-145,0,0,0,1.26604235186361e-110,2.0862541525197e-148,0,0,3.34236137214044e-288,0,0,0,0,0,0,0,3.97668245279155e-169,2.70888918300403e-187,6.16010164391291e-115,6.4387439308269e-180,2.15596122103919e-183,6.37189856175838e-182,1.87769144151794e-207,1.88105082739853e-307,2.09151713137651e-123,4.56710770363622e-221
"Uganda",0,1.17687102321248e-119,3.93443853060464e-105,3.27961817866036e-85,0,0,2.7179244526518e-259,8.65641710191929e-294,1.11387297115715e-123,0,1.44220671021244e-155,2.12034577428887e-300,6.23653053039104e-246,3.87367269455925e-240,3.54755479778324e-99,8.45384853824917e-71,1.86860916192919e-283,7.2976752602446e-276,7.01983847253098e-198,0,0,1.21738660615153e-299,0,7.51569986901049e-229,1.28398129821593e-297,0,9.62073774721181e-102,2.47728347893847e-178,2.31145188030604e-54,7.05333272645572e-189,1.75426965165824e-129,5.70127979380796e-94,1.80057651223113e-207,5.10171584443981e-175,4.30616237667389e-94,1.04691219679637e-182
"Bas_Uele",0,1.92065609985819e-224,2.07051470551454e-290,2.22947419380208e-178,0,0,1.41549392169692e-131,0,1.80975134233631e-145,1.44220671021244e-155,0,5.33171300581662e-188,0,3.2487938161588e-286,6.39192601987714e-94,9.67307968345183e-133,1.40505985849069e-247,6.87228979061582e-269,4.91958190674493e-201,0,0,1.00249690151982e-268,5.0253507604339e-273,1.46014329269072e-248,0,2.14870510700203e-249,3.76087968825065e-111,3.41009173620453e-78,4.48099258773142e-84,1.5081228601349e-80,3.4109552517787e-112,1.26810012403116e-135,4.04290585069031e-110,7.62618668950307e-247,3.91709888674933e-50,7.1176930949146e-111
"Equateur",0,0,0,7.33076531198013e-296,0,0,1.37244463849692e-170,0,0,2.12034577428887e-300,5.33171300581662e-188,0,0,1.99101348965153e-282,5.88114281521581e-297,0,3.69119843755321e-162,6.6021136623571e-214,2.15830877755418e-175,2.27342817210944e-176,2.16579277696898e-216,1.95361850140586e-161,5.19310168977771e-143,2.23497344566032e-239,0,3.59284437016048e-90,1.9044641063463e-145,4.25126762178469e-70,7.83203580217219e-161,3.01295493024011e-91,1.6029478886015e-101,1.56951789114585e-195,9.56739732395313e-62,6.48712312554428e-292,3.18598124852115e-106,1.31392741390136e-67
"Haut_Katanga",2.99487268811502e-296,3.24108882683732e-189,0,3.00905884993879e-202,8.71050914178799e-83,6.69229803659897e-192,0,0,0,6.23653053039104e-246,0,0,0,9.29288052765517e-78,0,0,5.14068021898516e-218,5.56872205169685e-173,1.04968435896167e-119,0,0,1.64281327007598e-222,1.77334298798227e-265,1.93750594116864e-129,1.2862708277342e-97,0,1.93804795299681e-117,1.26756331169129e-260,1.84347327160541e-142,2.49311422334801e-292,1.08063170296314e-120,3.73635093709469e-126,3.55395996855886e-286,1.70794919909895e-89,1.29122504449891e-164,3.06161297056558e-221
"Haut_Lomami",4.60392531373749e-264,2.60181277897196e-176,0,4.18401679666913e-186,2.62104160092684e-162,6.65770859117875e-264,0,0,0,3.87367269455925e-240,3.2487938161588e-286,1.99101348965153e-282,9.29288052765517e-78,0,0,8.19842176997027e-300,3.1398269100458e-143,1.09447671036043e-95,1.60947204046338e-59,1.65920370805539e-294,0,6.77515886251811e-169,3.71063842264283e-196,7.10020961528394e-57,1.96826221742372e-58,1.35367550531621e-241,1.88102818052476e-86,2.21749696154055e-214,4.93447399863859e-125,3.4225782570083e-248,8.50008637211415e-80,6.97227630278905e-105,1.09954873931664e-240,3.97055369286328e-77,1.03669250461233e-133,2.31637775028669e-169
"Haut_Uele",0,8.87606104022793e-202,5.5335915819234e-239,3.29119732225759e-148,0,0,1.72888951594865e-228,0,1.26604235186361e-110,3.54755479778324e-99,6.39192601987714e-94,5.88114281521581e-297,0,0,0,1.1131882165512e-58,0,0,1.52317055647162e-241,0,0,0,0,1.71678202750052e-288,0,0,4.06961230798114e-122,8.26320692710089e-155,2.23824618937373e-67,1.45934079563976e-161,1.12295181146994e-143,1.29684531465804e-131,1.30763562822051e-191,3.28001914817447e-255,1.82283463220792e-76,3.66966673259211e-176
"Ituri",0,3.03251174761021e-158,4.15402883832207e-217,1.5943102559048e-106,0,0,6.56726835837547e-278,0,2.0862541525197e-148,8.45384853824917e-71,9.67307968345183e-133,0,0,8.19842176997027e-300,1.1131882165512e-58,0,0,0,2.82978794488398e-231,0,0,0,0,1.62733451637759e-270,0,0,1.16695792954817e-107,1.3624711259401e-178,2.91960410639704e-45,4.10362188202648e-193,2.18346904355447e-139,2.5495672951205e-107,2.95838934946505e-220,1.24050381556159e-225,3.97247142104831e-80,2.65340623142669e-187
"Kasai",1.6583156238998e-265,2.36158762206183e-256,0,1.65342839039541e-242,0,0,8.59460730615632e-296,0,0,1.86860916192919e-283,1.40505985849069e-247,3.69119843755321e-162,5.14068021898516e-218,3.1398269100458e-143,0,0,0,3.53148627466344e-56,2.81035393427619e-61,4.66479450158228e-164,3.72882755487448e-202,1.2614001692463e-85,1.26560795296414e-70,2.56580120372356e-105,1.73711432887994e-155,6.27319545982059e-103,1.1391311301875e-99,4.40125662215966e-149,5.51414810692731e-142,8.46257397090175e-185,2.90633283306111e-50,1.55689616466874e-143,1.09623741992474e-167,2.76796323906846e-183,2.82763349997373e-113,9.98831632495065e-96
"Kasai_Central",2.72155032573587e-256,3.15821540250365e-230,0,2.57073836687604e-225,1.37394326402472e-274,0,0,0,0,7.2976752602446e-276,6.87228979061582e-269,6.6021136623571e-214,5.56872205169685e-173,1.09447671036043e-95,0,0,3.53148627466344e-56,0,1.90328027448167e-25,4.388366107961e-215,5.50188365248354e-246,5.0268300696413e-111,9.08105725427846e-117,1.31066597381023e-62,4.86810619245156e-109,2.32950735685182e-159,3.01098655294792e-90,4.03301089774925e-178,2.41088612239718e-137,3.38238771903176e-215,7.16593249597375e-52,2.03590912237776e-128,1.32401679268912e-201,6.26063048887143e-146,1.96412871003508e-121,3.37713573684943e-124
"Kasai_Oriental",2.1841098658695e-215,1.05965414183759e-155,2.99884310062183e-295,3.67748558215566e-155,8.86657175951245e-200,1.15003362956833e-271,6.06496602829216e-260,0,3.34236137214044e-288,7.01983847253098e-198,4.91958190674493e-201,2.15830877755418e-175,1.04968435896167e-119,1.60947204046338e-59,1.52317055647162e-241,2.82978794488398e-231,2.81035393427619e-61,1.90328027448167e-25,0,5.65110309741993e-189,2.58758929507784e-212,2.82240440940115e-104,1.51827411687971e-110,2.72973215883283e-27,7.60438196675975e-81,4.24094205398639e-140,2.9898425365396e-59,4.63767601262613e-139,1.9847492829036e-96,1.11597642954983e-167,6.90366716221716e-37,1.72151092173226e-85,4.55322124128163e-160,3.95901465636413e-93,5.80655355778839e-89,1.64280172990285e-98
"Kinshasa",8.03947857554691e-288,0,0,0,0,0,0,0,0,0,0,2.27342817210944e-176,0,1.65920370805539e-294,0,0,4.66479450158228e-164,4.388366107961e-215,5.65110309741993e-189,0,2.72155124408729e-61,1.58176034261185e-74,4.16802805732985e-87,2.81701898398176e-269,6.38499062581729e-290,2.08931021977818e-104,2.11985586372895e-203,1.84877182458263e-199,7.75243618278341e-237,2.72718080707766e-225,4.25324370725082e-142,2.81380971553525e-264,9.35108898510547e-186,0,7.39261228170043e-191,3.85043814895998e-167
"Kongo_Central",8.57170792666533e-263,0,0,0,0,0,0,0,0,0,0,2.16579277696898e-216,0,0,0,0,3.72882755487448e-202,5.50188365248354e-246,2.58758929507784e-212,2.72155124408729e-61,0,2.14459156915841e-93,5.18701886971849e-129,4.38826877798225e-297,1.67731875558035e-302,1.60097917588767e-154,4.43329848419228e-224,8.33400895610963e-227,7.9430185585783e-255,4.98901872140906e-249,2.97121639754146e-164,4.74366740576951e-285,2.61963096191442e-208,0,2.97884618733302e-212,2.12664266578325e-199
"Kwango",1.40232666929065e-159,6.44998061566823e-295,0,2.78803903868459e-277,4.53429298483767e-304,0,3.36423000772583e-282,0,0,1.21738660615153e-299,1.00249690151982e-268,1.95361850140586e-161,1.64281327007598e-222,6.77515886251811e-169,0,0,1.2614001692463e-85,5.0268300696413e-111,2.82240440940115e-104,1.58176034261185e-74,2.14459156915841e-93,0,7.23122873550837e-45,2.79492278263798e-155,1.3526429299906e-157,4.70824206652919e-95,1.32137894427813e-133,2.78552968528676e-162,5.5821431462656e-165,1.62691416947177e-187,4.37752487439088e-90,3.86302337231422e-175,4.43547019611684e-163,5.08308186504508e-215,1.79098890715756e-138,1.80556953811924e-126
"Kwilu",9.18712857442693e-244,0,0,1.42215804444286e-297,0,0,1.61327302339027e-290,0,0,0,5.0253507604339e-273,5.19310168977771e-143,1.77334298798227e-265,3.71063842264283e-196,0,0,1.26560795296414e-70,9.08105725427846e-117,1.51827411687971e-110,4.16802805732985e-87,5.18701886971849e-129,7.23122873550837e-45,0,1.53090106307083e-167,9.51881499190381e-197,3.40032583850064e-63,2.56611639347667e-137,6.21090993384133e-155,3.1970503119486e-173,1.8586043818013e-185,4.47365845798725e-85,5.19406849052475e-186,6.57634683804331e-159,6.20054892002581e-240,3.85583531083491e-137,1.09751878928381e-111
"Lomami",1.094345893641e-292,1.33650173370313e-165,0,2.85119409052237e-170,7.0032816405856e-232,0,0,0,0,7.51569986901049e-229,1.46014329269072e-248,2.23497344566032e-239,1.93750594116864e-129,7.10020961528394e-57,1.71678202750052e-288,1.62733451637759e-270,2.56580120372356e-105,1.31066597381023e-62,2.72973215883283e-27,2.81701898398176e-269,4.38826877798225e-297,2.79492278263798e-155,1.53090106307083e-167,0,3.25924336795069e-100,9.3589762833018e-203,1.63231843979991e-62,8.83770492851933e-181,6.36053654922963e-109,3.03104168191282e-216,2.21286294182929e-49,4.01838643108538e-89,3.54101054762028e-210,1.53363467020351e-87,3.50022916553428e-108,1.28913986133544e-132
"Lualaba",5.23127403466492e-212,2.24639866928555e-245,0,1.40868831547486e-249,5.34132910310334e-157,2.59789320353324e-258,0,0,0,1.28398129821593e-297,0,0,1.2862708277342e-97,1.96826221742372e-58,0,0,1.73711432887994e-155,4.86810619245156e-109,7.60438196675975e-81,6.38499062581729e-290,1.67731875558035e-302,1.3526429299906e-157,9.51881499190381e-197,3.25924336795069e-100,0,2.73105061093954e-255,5.84173011216253e-123,8.79722865654855e-247,4.28678957743381e-163,2.84296759229537e-282,1.78206876452516e-103,1.08546081080683e-149,2.44300937026972e-268,1.19119966114295e-132,3.17527666626899e-166,5.07354791848972e-198
"Mai_Ndombe",0,0,0,0,0,0,8.40181485856906e-254,0,0,0,2.14870510700203e-249,3.59284437016048e-90,0,1.35367550531621e-241,0,0,6.27319545982059e-103,2.32950735685182e-159,4.24094205398639e-140,2.08931021977818e-104,1.60097917588767e-154,4.70824206652919e-95,3.40032583850064e-63,9.3589762833018e-203,2.73105061093954e-255,0,1.61191212017983e-144,5.15798360205136e-125,3.42544110653495e-175,1.75210839698988e-154,2.64879165833658e-90,2.74109233215933e-197,3.60331501861224e-125,1.23454863780295e-272,4.50074121199867e-128,3.17544473822925e-88
"Maniema",2.10461999641483e-254,9.7682398210206e-64,1.64707508562249e-178,4.24684698946722e-61,5.92109638675474e-196,1.56452521478884e-245,3.00507726242997e-179,3.43998132225898e-301,3.97668245279155e-169,9.62073774721181e-102,3.76087968825065e-111,1.9044641063463e-145,1.93804795299681e-117,1.88102818052476e-86,4.06961230798114e-122,1.16695792954817e-107,1.1391311301875e-99,3.01098655294792e-90,2.9898425365396e-59,2.11985586372895e-203,4.43329848419228e-224,1.32137894427813e-133,2.56611639347667e-137,1.63231843979991e-62,5.84173011216253e-123,1.61191212017983e-144,0,1.66034939315925e-93,6.09568233785498e-36,8.46541048118616e-114,1.53344425632769e-31,9.6217333557745e-25,5.24296058350624e-118,1.13305323092866e-62,1.51179376005991e-40,6.26235426141685e-72
"Mongala",0,4.41962440315853e-213,2.50745491204864e-292,2.96006226842699e-181,0,0,2.77570302030145e-89,3.47220500021757e-303,2.70888918300403e-187,2.47728347893847e-178,3.41009173620453e-78,4.25126762178469e-70,1.26756331169129e-260,2.21749696154055e-214,8.26320692710089e-155,1.3624711259401e-178,4.40125662215966e-149,4.03301089774925e-178,4.63767601262613e-139,1.84877182458263e-199,8.33400895610963e-227,2.78552968528676e-162,6.21090993384133e-155,8.83770492851933e-181,8.79722865654855e-247,5.15798360205136e-125,1.66034939315925e-93,0,3.85144863644953e-93,5.43213522672625e-31,1.0603684629894e-74,2.95664059232839e-124,2.95778749787928e-38,1.00424916161831e-203,2.39968772680916e-51,5.56799775178807e-47
"Nord_Kivu",3.37099015136148e-297,1.09084828534893e-51,5.08091516886809e-128,2.32483469405786e-30,9.20355589664006e-223,2.87022684420817e-257,6.01844315865818e-160,5.39215478637362e-240,6.16010164391291e-115,2.31145188030604e-54,4.48099258773142e-84,7.83203580217219e-161,1.84347327160541e-142,4.93447399863859e-125,2.23824618937373e-67,2.91960410639704e-45,5.51414810692731e-142,2.41088612239718e-137,1.9847492829036e-96,7.75243618278341e-237,7.9430185585783e-255,5.5821431462656e-165,3.1970503119486e-173,6.36053654922963e-109,4.28678957743381e-163,3.42544110653495e-175,6.09568233785498e-36,3.85144863644953e-93,0,2.11580191638022e-106,3.97439742936765e-57,5.96286739339779e-32,5.34712381912269e-117,1.85703760366662e-87,8.53408602284612e-37,2.68639402937792e-87
"Nord_Ubangi",0,9.96776775578702e-242,2.4314630280215e-303,1.36685669256146e-204,0,0,5.92761536720938e-55,4.44074049723041e-279,6.4387439308269e-180,7.05333272645572e-189,1.5081228601349e-80,3.01295493024011e-91,2.49311422334801e-292,3.4225782570083e-248,1.45934079563976e-161,4.10362188202648e-193,8.46257397090175e-185,3.38238771903176e-215,1.11597642954983e-167,2.72718080707766e-225,4.98901872140906e-249,1.62691416947177e-187,1.8586043818013e-185,3.03104168191282e-216,2.84296759229537e-282,1.75210839698988e-154,8.46541048118616e-114,5.43213522672625e-31,2.11580191638022e-106,0,3.74379931745394e-96,5.72315769550175e-145,7.46168130208033e-31,5.77804376571902e-234,8.60881632518755e-67,2.85923468492956e-75
"Sankuru",1.33921320218458e-202,6.94329187011124e-107,1.92474314379679e-208,2.35915835830072e-100,4.74354743351267e-192,7.13801302138095e-239,2.74793408554869e-158,2.42244744916295e-301,2.15596122103919e-183,1.75426965165824e-129,3.4109552517787e-112,1.6029478886015e-101,1.08063170296314e-120,8.50008637211415e-80,1.12295181146994e-143,2.18346904355447e-139,2.90633283306111e-50,7.16593249597375e-52,6.90366716221716e-37,4.25324370725082e-142,2.97121639754146e-164,4.37752487439088e-90,4.47365845798725e-85,2.21286294182929e-49,1.78206876452516e-103,2.64879165833658e-90,1.53344425632769e-31,1.0603684629894e-74,3.97439742936765e-57,3.74379931745394e-96,0,7.4953575986218e-55,5.15777956396623e-94,7.34332236671212e-83,2.19937760625181e-43,5.42150133498409e-45
"Sud_Kivu",0,5.21549036925204e-35,4.10483015043842e-171,1.33046742329132e-39,1.75751234156535e-213,2.07871965120758e-266,1.6811408009572e-219,0,6.37189856175838e-182,5.70127979380796e-94,1.26810012403116e-135,1.56951789114585e-195,3.73635093709469e-126,6.97227630278905e-105,1.29684531465804e-131,2.5495672951205e-107,1.55689616466874e-143,2.03590912237776e-128,1.72151092173226e-85,2.81380971553525e-264,4.74366740576951e-285,3.86302337231422e-175,5.19406849052475e-186,4.01838643108538e-89,1.08546081080683e-149,2.74109233215933e-197,9.6217333557745e-25,2.95664059232839e-124,5.96286739339779e-32,5.72315769550175e-145,7.4953575986218e-55,0,6.2782262350305e-152,5.49586206492203e-60,3.68172118171709e-56,5.93959687079212e-105
"Sud_Ubangi",0,5.99918839186726e-254,0,4.53845825272674e-219,0,0,1.56397825456641e-69,2.20167516808013e-300,1.87769144151794e-207,1.80057651223113e-207,4.04290585069031e-110,9.56739732395313e-62,3.55395996855886e-286,1.09954873931664e-240,1.30763562822051e-191,2.95838934946505e-220,1.09623741992474e-167,1.32401679268912e-201,4.55322124128163e-160,9.35108898510547e-186,2.61963096191442e-208,4.43547019611684e-163,6.57634683804331e-159,3.54101054762028e-210,2.44300937026972e-268,3.60331501861224e-125,5.24296058350624e-118,2.95778749787928e-38,5.34712381912269e-117,7.46168130208033e-31,5.15777956396623e-94,6.2782262350305e-152,0,3.18331810482615e-235,3.79162908747948e-77,3.31678325604383e-71
"Tanganyika",0,1.54163904623258e-94,4.04007069511362e-257,6.06352429016148e-115,2.00504093007681e-187,6.3963685401454e-274,0,0,1.88105082739853e-307,5.10171584443981e-175,7.62618668950307e-247,6.48712312554428e-292,1.70794919909895e-89,3.97055369286328e-77,3.28001914817447e-255,1.24050381556159e-225,2.76796323906846e-183,6.26063048887143e-146,3.95901465636413e-93,0,0,5.08308186504508e-215,6.20054892002581e-240,1.53363467020351e-87,1.19119966114295e-132,1.23454863780295e-272,1.13305323092866e-62,1.00424916161831e-203,1.85703760366662e-87,5.77804376571902e-234,7.34332236671212e-83,5.49586206492203e-60,3.18331810482615e-235,0,4.41746452127e-113,1.43941451446606e-168
"Tshopo",6.34583961827601e-280,8.53327374342336e-103,1.29544229382823e-177,1.19790988492397e-82,1.56224330019034e-249,2.1198758335932e-284,4.01734390590804e-116,3.71179764650952e-238,2.09151713137651e-123,4.30616237667389e-94,3.91709888674933e-50,3.18598124852115e-106,1.29122504449891e-164,1.03669250461233e-133,1.82283463220792e-76,3.97247142104831e-80,2.82763349997373e-113,1.96412871003508e-121,5.80655355778839e-89,7.39261228170043e-191,2.97884618733302e-212,1.79098890715756e-138,3.85583531083491e-137,3.50022916553428e-108,3.17527666626899e-166,4.50074121199867e-128,1.51179376005991e-40,2.39968772680916e-51,8.53408602284612e-37,8.60881632518755e-67,2.19937760625181e-43,3.68172118171709e-56,3.79162908747948e-77,4.41746452127e-113,0,4.10304372631372e-48
"Tshuapa",8.97239175332768e-307,4.61397162858813e-189,2.96124066124289e-297,5.12224116762242e-166,0,0,1.59390525985938e-145,0,4.56710770363622e-221,1.04691219679637e-182,7.1176930949146e-111,1.31392741390136e-67,3.06161297056558e-221,2.31637775028669e-169,3.66966673259211e-176,2.65340623142669e-187,9.98831632495065e-96,3.37713573684943e-124,1.64280172990285e-98,3.85043814895998e-167,2.12664266578325e-199,1.80556953811924e-126,1.09751878928381e-111,1.28913986133544e-132,5.07354791848972e-198,3.17544473822925e-88,6.26235426141685e-72,5.56799775178807e-47,2.68639402937792e-87,2.85923468492956e-75,5.42150133498409e-45,5.93959687079212e-105,3.31678325604383e-71,1.43941451446606e-168,4.10304372631372e-48,0
